alpha1 = 382688.000003718840762957370928334219657048504840071252989018263226986883648629049352735765207269589923429068690707732585598417261371285342932900956113960156340065674727873827170594382319143476595475658327786062528588588365234789011569313613560380958047757353077898557461668048835816899156195030884972536360965559815694251787832696791756073796676100126068701864254874470530046373944314078415476327719123
alpha2 = 15637.0000000000000000000000000000000000000000073407249596755993494633815978948470725770595202532938111233270822656540006827548854086357909099305933838931019150313577619230563069886151776251889782046359224864632667394933146539407828208245853609735993739377148185083846731149980246713157043706328084023440946327661078130241672626606833808343709723838524304060402271919834105020805612169606358017694056416
alpha3 = 29275.0000000000640306760478159122361364268852615107016525704106080086895615545710184648549454761942179678623356595579867852707677349455538454994245696487465653543975651069930536590338519688676538350247199102639964709439110478379805687129967589534757115196430034251100020849966477333439686322641356763869580696872661554589116735439860643787761928921454825557808884297326088601658418898922938739996904201
beta1 = 0.965482350590597357930331336732328693322339578742073734517347983738107022900479878437240803728616183527740872166110419707555902612362293470627167159630511997241207746072653515847677991057240464634863174163959352186613630940970393483122090644984824146327516779925585782449367431713140436462716606231926544190865635435305068802789385561809037048381522369403391403353483514563964854636147009339110513969645
beta2 = 0.919312641039301449759543236755656153255910638284013829633241595979805444268967097520473755994266515165860135737385130077610933382052195648654916587723024832651148703456409500869252608520524821467862378804471336340455738379241087436118861027054778860623168210037730515076872812158198969896476202559290795561594850736319300877512941843333101776445598926887112185986310036903702305697813449195991705718975
beta3 = 1.14855387625795367637526700157484262696944920546403536701593427303031683808809632650237298251670835767655247021139590568460713791448489530488025769625130549491228701922532851244586550786881004979465956996142194848926889854866759317451072626109337018933249842757205735321771354730486331102478476183417508143532011641972415188172049143718997615501480006657475224101754862855024419523910721536847865397788
c = 410147178282597490563358436921011911559056890980471832437263575462278293391801513339176053095601892381120900128065883405261553740060812667421703330691706989818136170627205398268591784378546378294977003032555726944174387883621263676222
