[196447, -520, -1043, -112, -1364, 681, 467, 191, 103893, -4397, -2055, -1058, 1409, -135, -1653, -4345, 817, -566, 2032, 1438, -39729, 1293, 570, 592, -211, 2958, -2016, -319, -1471, 3037, 105674, 705, -34830, -490, 9221, 417, -498, 445, -2829, 1010, 6709, 2889, 2, -1437, 15788, 1655, 642, 196, -78, 3054, -1848, -626, -279, -239, 9715, -551, 141, -1219, -665, 360, 37824, 142, -471, -827, -520, 105006, 3693, 30, -332, -1909, 245, 174, 2214, -490, 873, -259, -4189, 1104, -331, -1470, -10347, 449, -1084, 495, 314, 98, -763, -4170, -1149, -2223, -7278, -906, 715, -31, -3325, -671, 1401, 2701, -26, -400, 1344, -405, 660, -587, 1544, -393, 242, 401, 1199, 174, -738, 1585, -459, 46, -9237, -1279, -932, 1494, 906, -507, 439, -7394, -2281, 146, 10021, 63680, 722, 1138, -1043, 3693, 2160, 630, -170, -2347, -1787, 70, -890, -94, 506, -365, 841, -113, 6, -768, -3196, -570, -1133, 104, 4956, 384, 622, 156, -578, 2315, 22, -914, -104, 136, -7193, -44, 1113, -499, -621, 42, 787, -349, 188, 2097, 1060, -188, 88, -580, -197, -3720, -2, 172, 70, 611, -38757, 455, 109, 543, 28, 527, -411, -1193, -130, -241, -2354, 1938, 1450, 86, -112, 30, 630, 6744, -131, 3130, -499, -132, -496, -54, 890, -125, 822, -47, 471, -1590, -200, -182, 248, 39, 3410, 600, -464, -404, 157, 522, 2690, -334, -1247, -124, 1738, 191, -106, 198, -280, -202, -39, -40, -71, 2982, -232, 818, 130, -377, 91, 745, -282, -144, -7, 838, -7599, -170, -89, 1983, -297, 23, -517, 2768, 190, -245, 69, -436, -395, -625, -1364, -332, -170, -131, 4743, -1526, 415, 20, -647, 259, 2142, 393, -3401, 67, -1133, 943, -608, -470, 274, 269, 46, -189, 451, -138, 79, 1915, -171, -314, -431, -372, -5404, 1231, -1752, 324, 228, 204, 124, -223, 144, -563, -728, -107, 1732, -45, -519, 970, 57, -31, -500, -2637, -7276, 731, -443, -1306, 281, -410, 158, -422, -111, -261, -1803, 122, 818, 439, 681, -1909, -2347, 3130, -1526, 354735, 1434, -303, -64, -969, -636, -218, 888, 926, -701, -752, -2036, -1467, -9461, 4964, 8071, 3959, -6, -505, 1862, -3217, -897, -602, -458, -750, 1131, 898, 13084, -1327, -720, -62, -1024, -4130, 557, 8635, 2421, -520, 542, -2790, -404, 5261, -1558, -64, 533, -737, -9195, 486, -481, -734, -712, -9348, 135, -234, -326, 1062, 141507, -823, 1166, -112, 467, 245, -1787, -499, 415, 1434, 220252, 595, -537, -1952, -970, 1249, 1530, 473, -1269, 954, 844, -258, 518, 13, 704, 68, -1283, 1388, 6945, 48299, -327, -1881, -557, 339, -5158, 1291, -3433, 176, -13858, 41, 3067, -755, -665, 1069, 237, -227, 1569, 672, -1237, 569156, 102, -474, -561, 390, 801056, -79, 305, -166, 71, -1603, 3905, -351, -828, 432, 4778, 1665, -277, -2335, 191, 174, 70, -132, 20, -303, 595, 6119, -526, 404, -298, -136, -3213, 67, 481, 561, 78, -1431, -1325, 178, 426, -576, -471, -186, 138, 4398, -370, -1952, 261, 496, -2141, 6, -1300, -271, 282, -59, 5, 101, -44, -845, -432, -470, -542, 614, 112, 15020, -32, 274, 282, -3343, -96, -376, 697, 101, 881, -9, -1827, -846, -697, 348, 3181, 199, 514, 308, 103893, 2214, -890, -496, -647, -64, -537, -526, 63340, -2545, -843, -342, -1946, 382, -961, -608, 1925, 1989, 1822, 347, 813, -476, 168, -657, 262, 1169, -1063, 17, -1737, 1190, -1508, 306, -35110, 72, -632, 747, -1006, 51, 50, 367, 3389, 1666, -333, -2092, 9543, -5276, 115, 104, -558, 194, -15309, -1157, -91, -297, 5800, -302, -35, -5612, -191, -2332, 19557, 2257, 7807, -182, -4397, -490, -94, -54, 259, -969, -1952, 404, -2545, 3039, -237, 2770, -4811, -160, 620, -160, 1827, -628, 438, 141, 491, -259, -8, 5, -46, 3620, 92, 1001, 301, -33, -2455, 327, 121, -1744, -72, -50, -318, -345, 69, -1313, -387, -71, 257, 95, -1491, -5899, -35, -69, 110, -3468, -15545, -111, -212, 81, 21, 31, -60, 543, 273, -5, -275, 123, -263, -999, -2055, 873, 506, 890, 2142, -636, -970, -298, -843, -237, 22288, 1571, 6780, 454, -138, -399, 28, 96, -46, -330, 1984, 464, 101, -675, -224, -2771, 102, 720, -750, -385, -1890, 88, 2152, 314, -183, -6, 143, -7099, -574, 3211, 371, 105, 1557, 604, 4057, -2994, -1424, 458, -4676, 316, 38373, -174, -356, 154, 304, 898, 151, 2483, 890, 2971, -1362, -932, -6177, 271, -1058, -259, -365, -125, 393, -218, 1249, -136, -342, 2770, 1571, 22806, -654, -84, -138, -143, 18004, 609, -17, 1246, -965, -67, 56, 540, 71, -9403, -253, 4406, 3659, -2159, -1701, -70, -4491, -20, 103, 1122, -1728, -835, -497, -805, -242, 123, 1760, -17, -105, 161, -215, 103, -369, -205, 38686, 207, 379, 353, 413, -207, -378, -185, 833, 218, -848, -52, 45, -269, 1409, -4189, 841, 822, -3401, 888, 1530, -3213, -1946, -4811, 6780, -654, 526462, 79, -17081, 251, -1686, 2818, -1545, -2200, 2888, -98, -133, 63520, -709, 132293, -1253, -177, -7024, 301, -10696, -9735, -15805, 1860, 1129, -826, 4543, -2398, -564, 95, -572, -768, 528, 164, 2454, -813, -1293, -1792, -1178, 398403, -24787, 1498, -126, -1097, 752, -343, 58, 1882, 752, 3120, -2369, -7107, -16183, -461, -135, 1104, -113, -47, 67, 926, 473, 67, 382, -160, 454, -84, 79, 749, 236, -836, 78, 177, 545, -60, -357, 119, -117, 182, 37, 229, -29, -612, -127, -62, -503, 10, -1747, 555, 320, 46, -12, -107, 179, 273, -128, -39, 211, -2, -681, 1145, -6, 215, 39, 41, 30863, -76, 78, 320, 461, -53, 145, -273, -1305, -99, 420, 259, 226, 556, -1653, -331, 6, 471, -1133, -701, -1269, 481, -961, 620, -138, -138, -17081, 236, 17296, -4602, 207, 90, 401, 34, 5080, -78, 282, -3573, -75, -2002, 263, -2479, 278, 292, -9425, 1365, 6767, 147, -491, -363, -548, 1128, 1736, -136, 1204, -157, -123, -343, 136, 1203, -435, -218, 625, -13043, -8230, -342, -168, 294, 115, -5, -109, 898, 339, -1007, -758, -53, 542, 335, -4345, -1470, -768, -1590, 943, -752, 954, 561, -608, -160, -399, -143, 251, -836, -4602, 30586, -443, -75, -1484, -182, -3610, -1622, 1563, 261, -280, -11465, -744, -3855, 849, -745, 1144, 469, 13732, -393, 749, -288, -89, -169, -991, -2768, 535, -132, -104, 722, -1117, 3158, -172, 551, -860, 368, 1856, -949, -323, -235, -744, 829, 392, -416, -1750, 295, 4229, 505, -759, -535, 817, -10347, -3196, -200, -608, -2036, 844, 78, 1925, 1827, 28, 18004, -1686, 78, 207, -443, 35288, 1248, 3279, 774, 1668, 154, -229, 517, 1738, -10016, -654, 198, 2949, -1651, -544, -735, -12254, -614, 103, 1243, -3255, 1103, -482, 781, -981, 357, 1380, 2051, 157, -5338, 2657, 171, 542, -632, 178253, -844, 301, -407, 474, -1387, -1561, 704, 3415, -12, 51, -6443, -1287, -309, -566, 449, -570, -182, -470, -1467, -258, -1431, 1989, -628, 96, 609, 2818, 177, 90, -75, 1248, 8162, 388, 9, 105, -124, 55, -944, -120, 2147, 474, 540, 236, 82, 2396, -555, 958, 308, 25, -17, -69, 140, -28, -250, 28, 538, -37, -2087, 273, -2956, -176, -199, -910, 4084, 69889, -2519, 77, 634, -304, -134, 143, -646, -39, -115, -397, -89, 3099, -290, 2032, -1084, -1133, 248, 274, -9461, 518, -1325, 1822, 438, -46, -17, -1545, 545, 401, -1484, 3279, 388, 9870, -453, 3182, -449, -212, 551, 419, -27920, 77, 2397, 1167, -318, -5201, -103, 530, 186, -483, 89, -810, 244, 260, 584, -2835, 84, -497, 550, 349, -92, 250, 306, 502, -493, 15401, -339, -357, 434, -1, -491, 627, 514, 1281, -417, -2977, -426, -881, -275, 1438, 495, 104, 39, 269, 4964, 13, 178, 347, 141, -330, 1246, -2200, -60, 34, -182, 774, 9, -453, 1198, -5390, 165, 390, -948, -81, 4010, -177, -2643, 380, -296, 15836, 189, 13618, 195, 1342, -35, -146, -23, -452, 664, 11, 181, -29, -439, 7, -609, -135, -8, 68, -1533, -7604, 177, 47, -452, 252, -172, -236, -2096, -316, -618, 4569, 749, 4152, -78, -39729, 314, 4956, 3410, 46, 8071, 704, 426, 813, 491, 1984, -965, 2888, -357, 5080, -3610, 1668, 105, 3182, -5390, 339104, 2136, -258, -452, 5203, 5005, 6619, 1097, -1384, 5049, -883990, -74, 5691, 137, -79472, 273, -279, -322, 22411, 8937, 719, -7439, 738, -1907, 936, 1287, -416, 771, 1356, -897, -15651, 498, -545, -350, -1622, 1133, 184, 6491, 910, 351, -36719, -751, 908, 6786, 1293, 98, 384, 600, -189, 3959, 68, -576, -476, -259, 464, -67, -98, 119, -78, -1622, 154, -124, -449, 165, 2136, 2091, -916, 201, 37, -2589, 40, 1340, -191, 252, -1679, -82, -10433, -209, -255, 200, 260, 143, 124, 2519, 67, -236, 104, -300, 144, -3414, -32, 140, -51, -171, 6840, 115, 208, 19, -190, 79, -8, 450, 624, 506, 1005, -524, -804, -52, 570, -763, 622, -464, 451, -6, -1283, -471, 168, -8, 101, 56, -133, -117, 282, 1563, -229, 55, -212, 390, -258, -916, 34752, 125, -2899, -3214, -176, -2768, 188, 4902, 850, 609, 1031, 71, 949, -912, 144, 35, -33, 473, 411, -238, -469, 302, -108, -1522, 1002, -168, 1324, -430, -24040, 1131, -371, -1441, -259, 350, -947, 91, 1405, 245, 859, 430, -503, 23, 592, -4170, 156, -404, -138, -505, 1388, -186, -657, 5, -675, 540, 63520, 182, -3573, 261, 517, -944, 551, -948, -452, 201, 125, 22345, 251, 11386, 5, 67, -574, 118, 3294, -1164, -1634, 84, 5661, -144, 546, -464, -332, -348, -2202, -386, 23, 232, -842, 2678, -80, -240, 857, 47860, -39835, 886, 354, 196, -1006, -451, -28, 207, 68, -231, -1077, -3525, -2247, 308, -211, -1149, -578, 157, 79, 1862, 6945, 138, 262, -46, -224, 71, -709, 37, -75, -280, 1738, -120, 419, -81, 5203, 37, -2899, 251, 1599, -2312, 301, -4354, 111, -13, -12189, 134, 818, -128, -1541, 143, -244, 87, 305, -84, -408, -101, -113, 323, -21, 19853, -150, 195, -77, 60, -7607, 67, 35, 367, 40, -303, 532, 489, -363, 63, -1209, -576, -327, 133, 2958, -2223, 2315, 522, 1915, -3217, 48299, 4398, 1169, 3620, -2771, -9403, 132293, 229, -2002, -11465, -10016, 2147, -27920, 4010, 5005, -2589, -3214, 11386, -2312, 5455867, 1453, -6371, -254586, 7760, 6268, 1320, -4148, -1814, 9496, -5717, 5400, -2341, 2372, -2290, 2487, 6994, -12817, -150, 1959, -17829, 249, -43905, -251, -5289, 13191, -7471, -95, -8978, -4758, 2723, 173, -4691, -4888, -4926, -2829, -121, -2035, -2149, -2016, -7278, 22, 2690, -171, -897, -327, -370, -1063, 92, 102, -253, -1253, -29, 263, -744, -654, 474, 77, -177, 6619, 40, -176, 5, 301, 1453, 4800, 884, -411, -47, -16834, 68, -561, 672, -1560, -182, -84, 89, 256, -658, -227, 333, -133, -345, -671, -2687, -312, -60, 185, -1067, 61, -3, 52, 3052, -244, 218, -79, 965, -3, -16, -2099, -4700, -759, -277, -319, -906, -914, -334, -314, -602, -1881, -1952, 17, 1001, 720, 4406, -177, -612, -2479, -3855, 198, 540, 2397, -2643, 1097, 1340, -2768, 67, -4354, -6371, 884, 327189, -7222, -1150, -1111, -1708, -4497, -583, -13831, -636, 1029, 4350, -118, -220, -1010, 1591, 1836, -429, -588, -9301, 130, -654, -3819, -21351, 15240, 1389, -4193, 1588, -225, 4018, -727, 1001, 244, 1173, 156, -377, -1426, 37, -1471, 715, -104, -1247, -431, -458, -557, 261, -1737, 301, -750, 3659, -7024, -127, 278, 849, 2949, 236, 1167, 380, -1384, -191, 188, -574, 111, -254586, -411, -7222, 15829, -599, 1748, -351, 11566, -157, 92, 55, -421, -42, -222, -292, -167, -765, 912, 173, -1374, 484, -211, 2062, 389, 158, 54310, 537, 56, 124, -174, -409, -170, -1689, -2307, 637, 9359, 374, 370, 1873, 3037, -31, 136, -124, -372, -750, 339, 496, 1190, -33, -385, -2159, 301, -62, 292, -745, -1651, 82, -318, -296, 5049, 252, 4902, 118, -13, 7760, -47, -1150, -599, 2135, -13707, -103, -14132, -303, -1138, -116, 423, 63, 481, -59, 309, -206, -387, -423, 183, 3112, 208, 39, 229, 161, -8892, -27, -113, -95, 42, 324, 43, -140, -224, 242, -1001, 327, 211, 380, 105674, -3325, -7193, 1738, -5404, 1131, -5158, -2141, -1508, -2455, -1890, -1701, -10696, -503, -9425, 1144, -544, 2396, -5201, 15836, -883990, -1679, 850, 3294, -12189, 6268, -16834, -1111, 1748, -13707, 2559962, -233, -31494, -474, 213302, -156, 218, 1150, -60064, 387, -806, 20662, -4091, 4849, -1633, -21141, -250, -2155, -2975, -217, 9606, -1213, -2445, 3487, 3802, -2542, -1132, -14748, 235, -1577, 98164, -2710, -1033, -20554, 705, -671, -44, 191, 1231, 898, 1291, 6, 306, 327, 88, -70, -9735, 10, 1365, 469, -735, -555, -103, 189, -74, -82, 609, -1164, 134, 1320, 68, -1708, -351, -103, -233, 3116, 970, -506, 120, 185, -34, 37, 152, 95, -172, 48, 1810, -167, -448, 3921, -377, -199, 2, -7406, -14929, 159, 50, -225, 394, -511, -187, 378, -708, -863, -209, -158, 254, -77, -34830, 1401, 1113, -106, -1752, 13084, -3433, -1300, -35110, 121, 2152, -4491, -15805, -1747, 6767, 13732, -12254, 958, 530, 13618, 5691, -10433, 1031, -1634, 818, -4148, -561, -4497, 11566, -14132, -31494, 970, 979454, 135, -3455, -18285, -4297, -1862, -1792, -31, -875, 2523, -1301, 3764, -2115, -2107, -5693, 1141, 267, -11906, 19126, -504, -1155, -5, 1978, -590, -2935, 1328, -1519, 1322, -5042, 1016, 40981, 1083, -490, 2701, -499, 198, 324, -1327, 176, -271, 72, -1744, 314, -20, 1860, 555, 147, -393, -614, 308, 186, 195, 137, -209, 71, 84, -128, -1814, 672, -583, -157, -303, -474, -506, 135, 7789, 153, -501, 62, 216, 45, -240, -478, 161, -43, 157, 410, -129, -125, 46, 176, 1236, 7940, -154, -133, -113, 144, 109, 266, 126, -462, 77, -622, 1054, -175, 958, 9221, -26, -621, -280, 228, -720, -13858, 282, -632, -72, -183, 103, 1129, 320, -491, 749, 103, 25, -483, 1342, -79472, -255, 949, 5661, -1541, 9496, -1560, -13831, 92, -1138, 213302, 120, -3455, 153, 24197, 8, -155, -177, -5270, -19, -1131, 1672, -322, 444, -243, -35980, 96, -269, 135, 1893, -8254, 340, 470, -494, 144, -524, -468, -2209, -104, -253, 8913, -352, 16, -1444, 417, -400, 42, -202, 204, -62, 41, -59, 747, -50, -6, 1122, -826, 46, -363, -288, 1243, -17, 89, -35, 273, 200, -912, -144, 143, -5717, -182, -636, 55, -116, -156, 185, -18285, -501, 8, 1883, -55, -6, 3, 134, 493, 22, 132, -122, 179, 1677, 137, 121, -150, -382, -38768, 228, 124, -61, -16, 9, 191, -699, -139, -460, 979, -399, 803, -582, -498, 1344, 787, -39, 124, -1024, 3067, 5, -1006, -318, 143, -1728, 4543, -12, -548, -89, -3255, -69, -810, -146, -279, 260, 144, 546, -244, 5400, -84, 1029, -421, 423, 218, -34, -4297, 62, -155, -55, 868, -239, -2, -67, 494, -103, 63, -423, -176, 7142, -62, -3, -159, 3240, 15186, 131, 14, 1, -48, 233, 33, -72, -316, 231, -388, 752, -44, 90, 445, -405, -349, -40, -223, -4130, -755, 101, 51, -345, -7099, -835, -2398, -107, 1128, -169, 1103, 140, 244, -23, -322, 143, 35, -464, 87, -2341, 89, 4350, -42, 63, 1150, 37, -1862, 216, -177, -6, -239, 3281, 278, 37, -189, -16, -44, 241, -507, -2039, 733, -122, 1673, -280, 22, 42, -39, 10, -44, -184, -119, -278, 539, -975, -1692, -39, 1071, 166, -2829, 660, 188, -71, 144, 557, -665, -44, 50, 69, -574, -497, -564, 179, 1736, -991, -482, -28, 260, -452, 22411, 124, -33, -332, 305, 2372, 256, -118, -222, 481, -60064, 152, -1792, 45, -5270, 3, -2, 278, 2031, -231, 176, -593, 168, -159, 341, -2958, -54, -63, 321, -514, 15269, -4, -67, -52, 96, 49, 161, 596, 129, -33, -1862, 187, -416, 544, 1010, -587, 2097, 2982, -563, 8635, 1069, -845, 367, -1313, 3211, -805, 95, 273, -136, -2768, 781, -250, 584, 664, 8937, 2519, 473, -348, -84, -2290, -658, -220, -292, -59, 387, 95, -31, -240, -19, 134, -67, 37, -231, 13650, 342, 182, 102, 278, 434, 4087, 556, 526, -22, -206, 300, 518, 13, -1408, -127, 305, -185, 351, 125, 272, -1133, -1659, -975, 263, 6709, 1544, 1060, -232, -728, 2421, 237, -432, 3389, -387, 371, -242, -572, -128, 1204, 535, -981, 28, -2835, 11, 719, 67, 411, -2202, -408, 2487, -227, -1010, -167, 309, -806, -172, -875, -478, -1131, 493, 494, -189, 176, 342, 3243, -13, -49, -168, 593, 1509, 316, 84, -164, -410, -15447, 110, -165, -34, 484, 676, 162, 43, -146, 334, 2293, 410, -101, -577, 2889, -393, -188, 818, -107, -520, -227, -470, 1666, -71, 105, 123, -768, -39, -157, -132, 357, 538, 84, 181, -7439, -236, -238, -386, -101, 6994, 333, 1591, -765, -206, 20662, 48, 2523, 161, 1672, 22, -103, -16, -593, 182, -13, 1560, 0, -140, 5, -1037, 118, -53, -324, -115, -9, -198, -1, 41, 350, 90, -8, 463, -155, -333, 827, -203, 651, -356, 2, 242, 88, 130, 1732, 542, 1569, -542, -333, 257, 1557, 1760, 528, 211, -123, -104, 1380, -37, -497, -29, 738, 104, -469, 23, -113, -12817, -133, 1836, 912, -387, -4091, 1810, -1301, -43, -322, 132, 63, -44, 168, 102, -49, 0, 4179, 97, -134, -1874, 183, -201, 100, 725, 139248, -212, -306, 377, 139, -356, -9, 841, -990, -412, 1088, 271, -1700, 364, -1437, 401, -580, -377, -45, -2790, 672, 614, -2092, 95, 604, -17, 164, -2, -343, 722, 2051, -2087, 550, -439, -1907, -300, 302, 232, 323, -150, -345, -429, 173, -423, 4849, -167, 3764, 157, 444, -122, -423, 241, -159, 278, -168, -140, 97, 7567, -85, 2879, 2420, 125, 251, -1238, -7289, 730, -398, -514, 32, 175, -44, 19191, -509, 6180, 1824, 233, -33730, 124, 15788, 1199, -197, 91, -519, -404, -1237, 112, 9543, -1491, 4057, -105, 2454, -681, 136, -1117, 157, 273, 349, 7, 936, 144, -108, -842, -21, 1959, -671, -588, -1374, 183, -1633, -448, -2115, 410, -243, 179, -176, -507, 341, 434, 593, 5, -134, -85, 15397, 501, -318, -1311, -1007, 890, -38956, 509, 167, 351, 930, 399, -17, 203, 12319, 310, 2639, 573, -1012, -191, 1655, 174, -3720, 745, 970, 5261, 569156, 15020, -5276, -5899, -2994, 161, -813, 1145, 1203, 3158, -5338, -2956, -92, -609, 1287, -3414, -1522, 2678, 19853, -17829, -2687, -9301, 484, 3112, -21141, 3921, -2107, -129, -35980, 1677, 7142, -2039, -2958, 4087, 1509, -1037, -1874, 2879, 501, 1702179, 556, 1031, -2756, -2446, -332180, 5752, 1156, 49, 5540, -542, 12144, 1750, 1584, 2061, 344, 6829, -2430, -4857, 642, -738, -2, -282, 57, -1558, 102, -32, 115, -35, -1424, -215, -1293, -6, -435, -172, 2657, -176, 250, -135, -416, -32, 1002, -80, -150, 249, -312, 130, -211, 208, -250, -377, -5693, -125, 96, 137, -62, 733, -54, 556, 316, 118, 183, 2420, -318, 556, 2147, 61, 460, -808, -8022, 102, -2, -249, 42, 184, -334, 6859, 363, 1864, -262, -383, -11033, 3, 196, 1585, 172, -144, -31, -64, -474, 274, 104, -69, 458, 103, -1792, 215, -218, 551, 171, -199, 306, -8, 771, 140, -168, -240, 195, -43905, -60, -654, 2062, 39, -2155, -199, 1141, 46, -269, 121, -3, -122, -63, 526, 84, -53, -201, 125, -1311, 1031, 61, 877, -44, -451, -7953, 33, 55, 101, 284, 128, 3, -268, -1606, 83, -295, 728, 107, 234, -78, -459, 70, -7, -500, 533, -561, 282, -558, 110, -4676, -369, -1178, 39, 625, -860, 542, -910, 502, 68, 1356, -51, 1324, 857, -77, -251, 185, -3819, 389, 229, -2975, 2, 267, 176, 135, -150, -159, 1673, 321, -22, -164, -324, 100, 251, -1007, -2756, 460, -44, 2039, 37, 15420, 270, 1, 204, -135, -193, -275, -577, 42, -854, -425, -338, 773, 45, 3054, 46, 611, 838, -2637, -737, 390, -3343, 194, -3468, 316, -205, 398403, 41, -13043, 368, -632, 4084, -493, -1533, -897, -171, -430, 47860, 60, -5289, -1067, -21351, 158, 161, -217, -7406, -11906, 1236, 1893, -382, 3240, -280, -514, -206, -410, -115, 725, -1238, 890, -2446, -808, -451, 37, 308035, 14489, 415, 247, -436, 706, -891, 433, -1144, -146, 821, -503, -3485, -6464, -524, -1848, -9237, -38757, -7599, -7276, -9195, 801056, -96, -15309, -15545, 38373, 38686, -24787, 30863, -8230, 1856, 178253, 69889, 15401, -7604, -15651, 6840, -24040, -39835, -7607, 13191, 61, 15240, 54310, -8892, 9606, -14929, 19126, 7940, -8254, -38768, 15186, 22, 15269, 300, -15447, -9, 139248, -7289, -38956, -332180, -8022, -7953, 15420, 14489, 60065134, -170546, -67, 82, -7711, -85811, -15482, -7359, -7897, 7629, -1063, -8818, 7320, 7096, -626, -1279, 455, -170, 731, 486, -79, -376, -1157, -111, -174, 207, 1498, -76, -342, -949, -844, -2519, -339, 177, 498, 115, 1131, 886, 67, -7471, -3, 1389, 537, -27, -1213, 159, -504, -154, 340, 228, 131, 42, -4, 518, 110, -198, -212, 730, 509, 5752, 102, 33, 270, 415, -170546, 2457, -103, -1053, 162, 336, 265, 11, 199, 34, -306, -564, -865, 1398, -279, -932, 109, -89, -443, -481, 305, 697, -91, -212, -356, 379, -126, 78, -168, -323, 301, 77, -357, 47, -545, 208, -371, 354, 35, -95, 52, -4193, 56, -113, -2445, 50, -1155, -133, 470, 124, 14, -39, -67, 13, -165, -1, -306, -398, 167, 1156, -2, 55, 1, 247, -67, -103, 752, -55, 9, -50, -528, -1041, 79, -345, -434, -824, 1678, 265, -239, 1494, 543, 1983, -1306, -734, -166, 101, -297, 81, 154, 353, -1097, 320, 294, -235, -407, 634, 434, -452, -350, 19, -1441, 196, 367, -8978, 3052, 1588, 124, -95, 3487, -225, -5, -113, -494, -61, 1, 10, -52, -1408, -34, 41, 377, -514, 351, 49, -249, 101, 204, -436, 82, -1053, -55, 7513, -571, -134, 94, -243, 223, 19, -469, 522, 569, -1203, 9715, 906, 28, -297, 281, -712, 71, 881, 5800, 21, 304, 413, 752, 461, 115, -744, 474, -304, -1, 252, -1622, -190, -259, -1006, 40, -4758, -244, -225, -174, 42, 3802, 394, 1978, 144, 144, -16, -48, -44, 96, -127, 484, 350, 139, 32, 930, 5540, 42, 284, -135, 706, -7711, 162, 9, -571, 2270, 170, -225, -758, -228, -271, 1354, -134, 1307, 173, -551, -507, 527, 23, -410, -9348, -1603, -9, -302, 31, 898, -207, -343, -53, -5, 829, -1387, -134, -491, -172, 1133, 79, 350, -451, -303, 2723, 218, 4018, -409, 324, -2542, -511, -590, 109, -524, 9, 233, -184, 49, 305, 676, 90, -356, 175, 399, -542, 184, 128, -193, -891, -85811, 336, -50, -134, 170, 1155, 38, 601, 61, 308, -4102, -452, -944, 84, 141, 439, -411, -517, 158, 135, 3905, -1827, -35, -60, 151, -378, 58, 145, -109, 392, -1561, 143, 627, -236, 184, -8, -947, -28, 532, 173, -79, -727, -170, 43, -1132, -187, -2935, 266, -468, 191, 33, -119, 161, -185, 162, -8, -9, -44, -17, 12144, -334, 3, -275, 433, -15482, 265, -528, 94, -225, 38, 1931, 361, -309, 109, -276, 259, -469, -63, -1219, -7394, -1193, 2768, -422, -234, -351, -846, -5612, 543, 2483, -185, 1882, -273, 898, -416, 704, -646, 514, -2096, 6491, 450, 91, 207, 489, -4691, 965, 1001, -1689, -140, -14748, 378, 1328, 126, -2209, -699, -72, -278, 596, 351, 43, 463, 841, 19191, 203, 1750, 6859, -268, -577, -1144, -7359, 11, -1041, -243, -758, 601, 361, 67913, 1409, 20314, -6713, -4423, -105848, -363, -665, -2281, -130, 190, -111, -326, -828, -697, -191, 273, 890, 833, 752, -1305, 339, -1750, 3415, -39, 1281, -316, 910, 624, 1405, 68, -363, -4888, -3, 244, -2307, -224, 235, -708, -1519, -462, -104, -139, -316, 539, 129, 125, -146, -155, -990, -509, 12319, 1584, 363, -1606, 42, -146, -7897, 199, 79, 223, -228, 61, -309, 1409, 24705, 670, -32456, -177, -1502, -1235, 360, 146, -241, -245, -261, 1062, 432, 348, -2332, -5, 2971, 218, 3120, -99, -1007, 295, -12, -115, -417, -618, 351, 506, 245, -231, 63, -4926, -16, 1173, 637, 242, -1577, -863, 1322, 77, -253, -460, 231, -975, -33, 272, 334, -333, -412, 6180, 310, 2061, 1864, 83, -854, 821, 7629, 34, -345, 19, -271, 308, 109, 20314, 670, 8181, -1753, 78, -34733, -54, 37824, 10021, -2354, 69, -1803, 141507, 4778, 3181, 19557, -275, -1362, -848, -2369, 420, -758, 4229, 51, -397, -2977, 4569, -36719, 1005, 859, -1077, -1209, -2829, -2099, 156, 9359, -1001, 98164, -209, -5042, -622, 8913, 979, -388, -1692, -1862, -1133, 2293, 827, 1088, 1824, 2639, 344, -262, -295, -425, -503, -1063, -306, -434, -469, 1354, -4102, -276, -6713, -32456, -1753, 228497, 954, 5590, -1949, 142, 63680, 1938, -436, 122, -823, 1665, 199, 2257, 123, -932, -52, -7107, 259, -53, 505, -6443, -89, -426, 749, -751, -524, 430, -3525, -576, -121, -4700, -377, 374, 327, -2710, -158, 1016, 1054, -352, -399, 752, -39, 187, -1659, 410, -203, 271, 233, 573, 6829, -383, 728, -338, -3485, -8818, -564, -824, 522, -134, -452, 259, -4423, -177, 78, 954, 42244, 429, 1013, -471, 722, 1450, -395, 818, 1166, -277, 514, 7807, -263, -6177, 45, -16183, 226, 542, -759, -1287, 3099, -881, 4152, 908, -804, -503, -2247, -327, -2035, -759, -1426, 370, 211, -1033, 254, 40981, -175, 16, 803, -44, 1071, -416, -975, -101, 651, -1700, -33730, -1012, -2430, -11033, 107, 773, -6464, 7320, -865, 1678, 569, 1307, -944, -469, -105848, -1502, -34733, 5590, 429, 184522, -619, -827, 1138, 86, -625, 439, -112, -2335, 308, -182, -999, 271, -269, -461, 556, 335, -535, -309, -290, -275, -78, 6786, -52, 23, 308, 133, -2149, -277, 37, 1873, 380, -20554, -77, 1083, 958, -1444, -582, 90, 166, 544, 263, -577, -356, 364, 124, -191, -4857, 3, 234, 45, -524, 7096, 1398, 265, -1203, 173, 84, -63, -363, -1235, -54, -1949, 1013, -619, 6996]
